261	374	260	379	1428
260	379	260	386	1462
260	386	264	398	1494
264	398	268	403	1528
268	403	269	404	1562
269	404	275	392	1595
275	392	282	359	1628
282	359	290	329	1662
290	329	294	302	1695
294	302	299	279	1728
299	279	302	271	1762
302	271	302	261	1795
302	261	302	255	1828
302	255	301	253	1862
301	253	301	253	1895
301	253	301	253	1928
301	253	301	263	1962
301	263	301	310	1995
301	310	301	340	2028
301	340	304	361	2061
304	361	305	378	2095
305	378	308	389	2129
308	389	309	399	2161
309	399	312	405	2195
312	405	312	404	2228
312	404	319	381	2262
319	381	335	342	2295
335	342	351	299	2328
351	299	359	271	2362
359	271	364	253	2395
364	253	364	252	2428
364	252	364	251	2462
364	251	364	251	2495
364	251	363	254	2528
363	254	359	269	2561
359	269	355	303	2595
355	303	352	324	2629
352	324	352	334	2661
352	334	352	342	2695
352	342	352	352	2728
352	352	352	362	2762
352	362	352	368	2795
352	368	353	372	2828
353	372	355	377	2862
355	377	357	380	2895
357	380	358	385	2928
358	385	358	387	2962
358	387	358	387	2995
358	387	359	388	3028
386	357	386	357	3428
386	357	378	357	3462
378	357	375	357	3495
375	357	370	363	3528
370	363	367	370	3562
367	370	366	379	3595
366	379	366	387	3628
366	387	366	392	3662
366	392	366	394	3695
366	394	369	397	3728
369	397	371	395	3762
371	395	376	387	3795
376	387	379	380	3828
379	380	383	371	3861
383	371	384	365	3895
384	365	384	361	3929
384	361	384	360	3961
384	360	384	360	3995
384	360	384	360	4028
384	360	385	369	4062
385	369	389	382	4095
389	382	392	389	4129
392	389	393	392	4162
393	392	396	394	4196
396	394	397	394	4228
397	394	398	394	4262
412	252	412	258	4695
412	258	412	273	4729
412	273	412	291	4761
412	291	411	311	4795
411	311	409	323	4828
409	323	409	335	4862
409	335	408	345	4895
408	345	408	353	4929
408	353	408	359	4962
408	359	409	364	4995
409	364	410	370	5029
410	370	412	375	5062
412	375	414	381	5095
414	381	414	384	5128
414	384	415	386	5161
415	386	417	390	5195
417	390	423	394	5228
423	394	425	394	5261
425	394	430	394	5295
430	394	435	392	5329
405	327	405	327	5695
405	327	405	327	5729
405	327	417	326	5762
425	367	425	367	6128
425	367	433	368	6162
433	368	446	368	6195
446	368	452	367	6228
452	367	455	362	6262
455	362	455	357	6295
455	357	453	354	6328
453	354	448	352	6361
448	352	441	354	6395
441	354	440	364	6428
440	364	439	374	6462
439	374	439	382	6495
439	382	440	387	6528
440	387	444	388	6562
444	388	446	389	6594
446	389	450	389	6628
450	389	455	386	6662
455	386	460	380	6695
460	380	467	369	6729
467	369	470	357	6761
470	357	473	350	6795
473	350	474	349	6828
474	349	474	349	6862
474	349	477	353	6896
477	353	479	371	6928
479	371	479	386	6962
479	386	479	396	6995
479	396	479	399	7029
479	399	479	399	7062
479	399	479	399	7095
479	399	480	386	7128
480	386	485	373	7162
485	373	490	361	7195
490	361	491	359	7228
491	359	492	358	7262
492	358	494	358	7295
494	358	499	372	7329
499	372	500	390	7361
500	390	500	397	7395
500	397	500	397	7428
500	397	500	397	7462
500	397	501	394	7495
501	394	505	380	7528
505	380	509	369	7562
509	369	512	361	7595
512	361	512	361	7629
512	361	514	362	7661
514	362	518	369	7695
518	369	519	378	7728
519	378	519	390	7762
519	390	520	393	7795
520	393	520	393	7828
564	354	556	354	8228
556	354	548	354	8262
548	354	542	354	8296
542	354	536	360	8328
536	360	532	369	8362
532	369	532	380	8395
532	380	533	387	8428
533	387	538	389	8462
538	389	543	390	8495
543	390	547	391	8528
547	391	554	387	8562
554	387	560	381	8595
560	381	563	371	8629
563	371	564	366	8662
564	366	564	364	8695
564	364	564	364	8728
564	364	564	364	8762
564	364	564	364	8795
564	364	564	371	8828
564	371	566	383	8862
566	383	569	390	8895
569	390	571	392	8929
571	392	572	392	8962
585	260	580	274	10062
580	274	578	302	10095
578	302	578	321	10128
578	321	578	336	10162
578	336	578	349	10195
578	349	579	357	10229
579	357	581	363	10261
581	363	583	370	10295
583	370	584	372	10329
584	372	584	372	10362
584	372	584	372	10395
584	372	584	375	10428
584	375	586	381	10462
586	381	588	386	10495
588	386	589	390	10529
589	390	591	395	10561
591	395	592	396	10595
592	396	592	396	10628
592	396	592	396	10662
592	396	595	394	10695
595	394	598	391	10728
566	329	566	329	11061
566	329	566	329	11095
566	329	575	328	11128
575	328	581	327	11162
581	327	587	326	11195
587	326	587	326	11229
604	341	604	353	11595
604	353	604	364	11628
604	364	604	375	11662
604	375	604	385	11695
604	385	606	389	11728
606	389	607	389	11762
607	389	609	389	11795
609	389	610	389	11828
610	389	610	389	11862
610	389	617	386	11895
617	386	619	383	11929
610	318	610	318	12295
610	318	610	318	12328
624	321	624	305	12695
624	305	626	291	12729
626	291	627	286	12762
627	286	627	286	12795
627	286	626	285	12829
626	285	623	282	12862
623	282	621	282	12895
621	282	621	282	12928
621	282	621	282	12962
621	282	620	282	12995
620	282	619	281	13028
619	281	619	281	13062
619	281	619	281	13096
619	281	618	307	13129
618	307	618	349	13162
618	349	618	384	13200
618	384	618	388	13228
618	388	618	393	13262
618	393	618	394	13295
618	394	618	394	13329
618	394	618	394	13361
618	394	619	381	13395
619	381	622	366	13428
622	366	624	358	13462
624	358	627	353	13496
627	353	631	351	13528
631	351	636	350	13561
636	350	643	350	13595
643	350	646	355	13628
646	355	646	361	13661
646	361	635	365	13695
635	365	626	365	13728
626	365	624	365	13762
624	365	624	365	13795
624	365	624	365	13829
624	365	627	367	13862
627	367	638	375	13895
638	375	643	387	13928
643	387	646	394	13962
646	394	648	397	13995
648	397	648	397	14029
648	397	648	397	14062
665	361	660	360	14462
660	360	656	360	14495
656	360	651	368	14529
651	368	650	381	14561
650	381	657	389	14595
657	389	661	390	14628
661	390	663	390	14662
663	390	668	387	14695
668	387	674	372	14728
674	372	677	359	14762
677	359	677	353	14795
677	353	676	352	14829
676	352	676	352	14862
676	352	676	352	14896
676	352	686	366	14928
686	366	700	378	14962
700	378	706	381	14995
706	381	706	381	15029
706	381	706	381	15062
706	381	706	381	15095
706	381	706	381	15128
706	381	706	381	15161
706	381	706	381	15195
